0
1
2
3
2
4
4
4
4
4
5
6
7
8
9
10
11
12
13
14
9
7
15
8
16
17
17
17
17
17
8
8
18
8
19
9
20
21
22
23
2
0
24
0
0
25
26
8
27
7
15
15
28
28
28
28
28
28
28
28
28
28
11
28
29
8
8
12
8
30
0
31
9
32
33
8
8
8
0
34
35
26
26
26
26
8
36
37
9
18
8
0
0
29
9
38
8
27
8
12
9
0
0
31
8
11
2
39
0
29
39
0
2
8
2
10
3
40
41
11
8
39
42
0
8
8
43
44
43
44
43
44
44
44
44
43
44
43
44
43
43
44
44
43
0
24
45
27
34
24
8
15
8
0
15
23
0
9
43
8
12
28
12
3
9
11
7
2
9
8
9
2
8
27
8
9
9
28
46
9
8
1
2
18
18
0
39
2
36
42
26
26
26
26
26
47
47
47
47
47
48
48
48
48
48
48
48
48
48
48
48
48
8
49
24
24
24
0
50
51
24
28
52
34
34
9
0
18
42
8
0
42
16
8
24
0
11
21
8
53
29
12
42
2
26
26
26
26
26
26
39
0
3
15
9
0
9
14
18
0
26
26
0
0
8
0
32
8
16
54
2
34
0
35
2
0
9
8
28
32
8
50
8
46
55
9
30
30
30
8
8
9
30
56
26
9
30
12
30
34
3
30
30
30
12
9
26
26
26
26
30
30
30
30
57
57
0
34
56
58
59
9
58
30
58
34
30
18
18
18
45
38
27
8
2
42
9
32
24
24
15
7
7
0
9
40
40
7
8
8
30
8
8
8
8
60
2
7
60
3
42
8
14
9
18
61
9
8
9
62
30
18
7
29
29
8
8
34
34
2
12
12
8
9
26
12
26
26
26
26
63
12
39
9
8
63
0
64
65
66
7
0
8
67
67
67
67
67
30
33
18
68
42
11
11
11
11
11
11
11
11
11
69
0
8
18
48
48
48
48
48
48
48
0
0
26
26
26
63
9
42
42
12
56
56
70
68
10
7
40
51
6
60
20
8
9
9
23
24
52
60
39
41
41
0
26
26
26
26
0
65
23
2
15
70
8
30
71
71
45
27
15
15
18
35
9
9
28
9
12
8
8
8
8
8
3
0
35
35
18
0
8
8
2
64
15
9
8
63
63
63
63
63
63
63
23
2
9
8
8
56
29
29
29
29
29
15
0
0
72
8
56
7
31
0
67
42
9
15
11
7
32
2
24
9
30
29
9
15
51
73
12
26
26
56
26
26
26
26
26
26
26
34
20
20
65
0
18
8
8
2
2
2
39
30
8
30
30
8
30
8
30
8
30
8
30
30
30
30
30
30
8
60
2
2
10
38
21
44
56
26
69
8
7
15
26
26
26
26
16
18
39
20
74
10
12
33
11
0
12
15
8
8
0
8
75
12
10
60
18
23
29
11
50
62
15
9
15
76
76
76
76
76
76
76
76
76
76
76
76
76
76
76
76
76
76
76
76
0
26
26
26
40
12
41
7
73
8
7
21
8
12
12
8
0
36
0
9
8
0
63
12
23
9
18
9
56
0
18
8
9
18
0
0
45
0
51
23
60
12
0
0
36
12
24
68
73
73
68
77
77
77
2
63
8
3
66
26
22
9
30
56
6
8
26
33
60
15
66
45
2
60
78
24
39
12
39
63
0
40
40
40
40
74
34
0
22
22
15
0
32
65
79
79
6
0
0
8
11
34
10
7
22
35
18
8
8
0
12
64
6
7
12
8
27
