0
1
2
3
4
5
5
5
5
5
6
7
8
4
9
10
11
12
13
14
15
16
17
18
19
20
20
20
20
20
4
4
16
4
21
15
22
23
24
25
26
26
0
27
27
28
29
4
12
30
31
31
32
32
32
32
32
32
32
32
32
32
11
32
30
4
4
12
4
4
9
33
9
34
35
4
4
4
27
8
8
29
29
29
29
4
36
37
9
8
4
12
8
38
9
39
4
18
0
12
15
27
27
33
4
11
2
40
27
30
40
27
41
12
10
10
42
43
44
11
4
3
45
27
4
4
46
29
46
29
46
29
29
29
29
46
29
46
29
46
46
29
29
46
27
0
0
47
8
0
4
17
4
0
17
48
9
15
46
4
12
32
29
42
15
11
8
9
15
4
15
2
4
9
0
9
9
12
49
9
4
38
2
8
10
2
40
2
36
45
29
29
29
29
29
50
50
50
50
50
51
51
51
51
51
51
51
51
51
51
51
51
4
13
3
0
0
26
44
52
0
26
0
8
8
9
27
47
45
10
27
45
19
4
3
27
11
23
4
53
30
12
8
2
29
29
29
29
29
8
40
27
18
17
15
54
15
14
47
27
29
29
27
27
4
12
34
4
19
55
2
8
22
54
4
30
15
4
32
34
4
44
4
56
57
15
4
4
8
4
4
15
4
58
29
15
4
12
4
8
15
4
4
4
12
15
29
29
29
29
4
4
4
4
59
59
27
8
60
3
61
15
49
4
49
8
3
58
58
58
48
39
62
4
2
45
9
34
0
0
48
8
27
27
9
43
43
16
4
4
4
4
4
4
4
48
2
16
4
42
45
4
14
9
3
63
15
4
15
27
27
0
16
47
47
4
0
8
8
8
12
12
4
15
29
29
29
29
29
29
60
12
40
9
4
60
27
19
54
30
8
27
4
64
64
64
64
64
47
24
2
47
45
11
11
11
11
11
11
11
11
11
12
27
4
58
65
65
65
65
65
65
65
27
15
30
30
30
60
9
45
45
12
30
58
66
47
12
8
43
54
7
4
22
4
9
15
12
0
67
4
54
31
31
27
29
29
29
29
30
68
60
9
17
18
4
8
69
69
25
22
17
17
16
16
9
15
26
9
12
4
4
4
4
4
42
8
8
54
8
12
4
4
8
70
27
9
4
60
60
60
60
60
60
60
54
26
15
0
4
60
30
9
30
30
30
17
27
27
71
4
47
27
33
26
64
45
15
17
12
0
34
27
0
15
31
30
15
17
52
72
12
29
29
60
29
29
29
29
29
29
29
8
22
22
68
22
3
10
4
2
2
47
40
31
31
31
31
4
31
4
31
4
31
4
31
31
31
31
31
31
4
0
2
2
10
39
23
18
60
30
73
4
8
17
29
29
29
29
19
3
40
22
56
10
12
74
11
12
12
17
4
4
10
4
75
12
62
18
27
26
30
11
9
76
17
9
17
77
77
77
77
77
77
77
77
77
77
77
77
77
77
77
77
77
77
77
77
27
29
29
29
43
12
9
16
78
4
16
23
4
0
12
4
0
36
9
15
48
26
16
12
48
9
8
9
60
27
8
4
15
27
12
27
48
27
45
48
3
12
27
26
36
12
0
78
79
79
78
29
29
29
2
4
4
47
30
8
24
15
26
60
7
4
29
35
58
48
6
47
2
47
80
0
40
12
40
60
27
81
81
81
81
61
8
27
24
24
27
27
34
70
41
41
7
27
11
4
11
8
47
30
24
8
3
4
4
27
26
10
7
8
12
0
62
